129|100
195|90
251|30
106|50
120|60
8|32
264|30
179|50
209|110
276|30
110|60
175|40
99|200
48|100
28|10
94|120
262|30
204|110
151|100
162|100
30|50
253|30
119|60
95|100
270|30
122|150
62|290
268|30
214|110
180|50
127|180
101|10
20|100
25|110
26|120
213|110
137|100
117|150
185|90
265|30
168|44
136|100
196|180
218|10
238|30
27|200
230|30
155|100
149|100
93|100
97|212
205|110
197|800
187|60
114|150
191|180
156|80
11|90
249|30
269|30
126|100
135|100
194|90
228|30
252|30
39|100
132|100
131|100
67|190
178|50
255|30
241|30
17|100
142|120
224|30
89|150
160|60
50|100
57|130
109|60
51|80
239|30
31|100
76|190
69|190
203|110
34|186
81|200
219|904
12|200
273|30
10|100
79|160
90|90
18|100
134|60
59|180
139|60
146|100
143|80
192|140
98|170
193|180
271|30
243|30
250|30
116|100
64|90
235|30
248|30
84|40
145|100
207|110
198|904
74|70
104|4
163|80
6|80
71|60
246|30
29|10
2|140
159|60
72|130
267|30
186|60
234|30
177|40
141|100
171|200
227|30
247|30
138|60
242|30
190|100
16|100
54|90
274|30
47|100
103|200
115|100
148|100
236|30
208|110
211|110
46|100
36|186
15|100
174|50
77|300
125|100
140|160
4|80
153|100
200|200
257|30
73|120
56|160
182|60
53|100
222|30
277|834
123|120
261|30
275|30
92|94
23|50
44|100
58|150
1|30
189|100
233|30
111|60
206|110
237|30
86|200
226|30
13|100
49|100
22|150
91|94
70|90
45|150
225|30
199|10
60|140
165|200
105|20
21|130
152|70
75|60
124|110
5|90
229|30
245|30
181|50
220|40
259|30
166|50
112|60
254|30
3|100
201|110
61|90
176|40
87|200
169|200
14|150
107|100
147|100
221|30
121|160
210|110
258|30
161|60
19|80
108|200
157|90
154|70
215|110
35|180
65|130
52|100
85|30
173|50
32|80
188|100
164|60
78|300
133|100
150|60
100|100
232|30
158|80
113|60
172|50
63|40
9|192
183|50
24|110
184|70
260|30
170|200
55|150
88|70
118|60
244|30
130|120
272|30
38|120
128|60
223|30
240|30
217|894
231|30
212|110
256|30
216|964
263|30
202|110
266|30
144|80
7|74
